layer 0 : 4096 words, 616 non-zero (15.0%), 417 distinct
most common cells:
   0000  x3480   tile=0000 color=0
   12D4  x103    tile=12D4 color=0
   3011  x80     tile=1011 color=1
   13ED  x4      tile=13ED color=0
   3106  x2      tile=1106 color=1
   302A  x2      tile=102A color=1
   3001  x2      tile=1001 color=1
   303E  x2      tile=103E color=1

  addr  | cells (tile:color)
  0000  | 318C 317B 3168 3155 3141 312D 3119 3106 30F1 30D7 30BD 30A4 308D 3076 3061 304D
  0010  | 303B 302A 301A 300C 3001 3011 0000 0000 0000 0000 0000 0000 0000 0000 0000 0000
  0020  | 318D 317C 3169 3156 3142 312E 311A 3106 30F2 30D8 30BE 30A5 308E 3077 3062 304E
  0030  | 303C 302A 301B 300D 3001 2FF4 0000 0000 0000 0000 0000 0000 0000 0000 0000 0000
  0040  | 318E 317D 316A 3157 3143 312F 311B 3107 30F3 30D9 30BF 30A6 308F 3079 3063 304F
  0050  | 303D 302B 301C 300E 3002 2FF5 0000 0000 0000 0000 0000 0000 0000 0000 0000 0000
  0060  | 318F 317E 316B 3158 3144 3130 311C 3108 30F4 30DA 30C0 30A7 3090 307A 3064 3050
  0070  | 303E 302C 301D 300F 3003 2FF6 0000 0000 0000 0000 0000 0000 0000 0000 0000 0000
  0080  | 3190 317F 316C 3159 3145 3131 311D 3109 30F5 30DB 30C1 30A9 3091 307B 3065 3051
  0090  | 303E 302D 301E 3010 3003 2FF7 0000 0000 0000 0000 0000 0000 0000 0000 0000 0000
  00A0  | 3191 3180 316D 315A 3146 3132 311E 310A 30F6 30DC 30C2 30AA 3092 307C 3066 3052
  00B0  | 303F 302E 301F 3010 3004 4EF8 0000 0000 0000 0000 0000 0000 0000 0000 0000 0000
  00C0  | 3192 3181 316E 315B 3147 3133 311F 310A 30F7 30DD 30C3 30AB 3093 307D 3067 3053
  00D0  | 3040 302F 301F 3011 4F05 12FA 0000 0000 0000 0000 0000 0000 0000 0000 0000 0000
  00E0  | 3193 3182 316F 315C 3148 3134 311F 310B 30F8 30DE 30C4 30AC 3095 307E 3068 3054
  00F0  | 3041 3030 3020 4F12 1306 12FB 0000 0000 0000 0000 0000 0000 0000 0000 0000 0000
  0100  | 3195 3183 3170 315D 3149 3135 3120 310C 30FA 30DF 30C5 30AD 3096 307F 3069 3055
  0110  | 3042 3031 4F21 1313 1306 12FC 0000 0000 0000 0000 0000 0000 0000 0000 0000 0000
  0120  | 3196 3184 3171 315E 314A 3136 3121 310D 30FB 30E0 30C6 30AE 3097 3080 306A 3056
  0130  | 3043 4F32 1322 1314 1307 12FD 0000 0000 0000 0000 0000 0000 0000 0000 0000 0000
  0140  | 3197 3185 3172 315F 314B 3137 3122 310E 30FC 30E1 30C7 30AF 3098 3081 306B 3057
  0150  | 4F44 1333 1323 1315 1308 12FE 0000 0000 0000 0000 0000 0000 0000 0000 0000 0000
  0160  | 3198 3186 3173 3160 314C 3138 3123 310F 30FD 30E3 30C9 30B0 3099 3082 306C 4F58
  0170  | 1345 1334 1324 1316 1309 12FF 0000 0000 0000 0000 0000 0000 0000 0000 0000 0000
  0180  | 3199 3187 3174 3161 314D 3139 3124 3110 30FE 30E4 30CA 30B1 309A 3083 4F6D 1359
  0190  | 1346 1335 1325 1316 130A 1300 0000 0000 0000 0000 0000 0000 0000 0000 0000 0000
  01A0  | 319A 3188 3175 3162 314E 313A 3125 3110 30FF 30E5 30CB 30B2 309B 4F84 136E 135A
  01B0  | 1347 1336 1326 1317 130A 12D4 0000 0000 0000 0000 0000 0000 0000 0000 0000 0000
  01C0  | 319B 3189 3176 3163 314F 313B 3126 3111 3100 30E6 30CC 30B3 4F9C 1385 136F 135B
  01D0  | 1348 1337 1327 1318 130B 12D4 0000 0000 0000 0000 0000 0000 0000 0000 0000 0000
  01E0  | 319C 318A 3177 3164 3150 313C 3127 3112 3101 30E7 30CD 4FB4 139D 1386 1370 135C
  01F0  | 1349 1338 1328 1319 12D4 12D4 0000 0000 0000 0000 0000 0000 0000 0000 0000 0000
  0200  | 3011 318B 3179 3165 3151 313D 3128 3113 3101 30E8 4FCE 13B5 139E 1387 1371 135D
  0210  | 134A 1339 1329 12D4 12D4 12D4 0000 0000 0000 0000 0000 0000 0000 0000 0000 0000
  0220  | 3011 3011 317A 3166 3152 313E 3129 3114 3102 4FE9 13CF 13B6 139F 1388 1372 135E
  0230  | 134B 133A 12D4 12D4 12D4 12D4 0000 0000 0000 0000 0000 0000 0000 0000 0000 0000
  0240  | 3011 3011 3011 3167 3153 313E 312A 3115 5003 13EA 13D0 13B7 13A0 1389 1373 135F
  0250  | 134C 12D4 12D4 12D4 12D4 12D4 0000 0000 0000 0000 0000 0000 0000 0000 0000 0000
  0260  | 3011 3011 3011 3011 3154 313F 312A 5016 1403 13EB 13D1 13B8 13A1 138A 1374 1360
  0270  | 12D4 12D4 12D4 12D4 12D4 12D4 0000 0000 0000 0000 0000 0000 0000 0000 0000 0000
  0280  | 3011 3011 3011 3011 3011 3140 502B 1416 1404 13EC 13D2 13BA 13A2 138B 1375 12D4
  0290  | 12D4 12D4 12D4 12D4 12D4 12D4 0000 0000 0000 0000 0000 0000 0000 0000 0000 0000
  02A0  | 3011 3011 3011 3011 3011 3011 142C 1417 1405 13ED 13D3 13BB 13A3 138C 12D4 12D4
  02B0  | 12D4 12D4 12D4 12D4 12D4 12D4 0000 0000 0000 0000 0000 0000 0000 0000 0000 0000
  02C0  | 3011 3011 3011 3011 3011 3011 3011 1418 13ED 13ED 13D4 13BC 12D4 12D4 12D4 12D4
  02D0  | 12D4 12D4 12D4 12D4 12D4 12D4 0000 0000 0000 0000 0000 0000 0000 0000 0000 0000
  02E0  | 3011 3011 3011 3011 3011 3011 3011 3011 13ED 13EF 13D6 12D4 12D4 12D4 12D4 12D4
  02F0  | 12D4 12D4 12D4 12D4 12D4 12D4 0000 0000 0000 0000 0000 0000 0000 0000 0000 0000
  0300  | 3011 3011 3011 3011 3011 3011 3011 3011 3011 13F0 12D4 12D4 12D4 12D4 12D4 12D4
  0310  | 12D4 12D4 12D4 12D4 12D4 12D4 0000 0000 0000 0000 0000 0000 0000 0000 0000 0000
  0320  | 3011 3011 3011 3011 3011 3011 3011 3011 3011 3011 12D4 12D4 12D4 12D4 12D4 12D4
  0330  | 12D4 12D4 12D4 12D4 12D4 12D4 0000 0000 0000 0000 0000 0000 0000 0000 0000 0000
  0340  | 3011 3011 3011 3011 3011 3011 3011 3011 3011 3011 3011 12D4 12D4 12D4 12D4 12D4
  0350  | 12D4 12D4 12D4 12D4 12D4 12D4 0000 0000 0000 0000 0000 0000 0000 0000 0000 0000
  0360  | 3011 3011 3011 3011 3011 3011 3011 3011 3011 3011 3011 3011 12D4 12D4 12D4 12D4
  0370  | 12D4 12D4 12D4 12D4 12D4 12D4 0000 0000 0000 0000 0000 0000 0000 0000 0000 0000
  0380  | 0000 0000 0000 0000 0000 0000 0000 0000 0000 0000 0000 0000 0000 0000 0000 0000
  0390  | 0000 0000 0000 0000 0000 0000 0000 0000 0000 0000 0000 0000 0000 0000 0000 0000
  03A0  | 0000 0000 0000 0000 0000 0000 0000 0000 0000 0000 0000 0000 0000 0000 0000 0000
  03B0  | 0000 0000 0000 0000 0000 0000 0000 0000 0000 0000 0000 0000 0000 0000 0000 0000
  03C0  | 0000 0000 0000 0000 0000 0000 0000 0000 0000 0000 0000 0000 0000 0000 0000 0000
  03D0  | 0000 0000 0000 0000 0000 0000 0000 0000 0000 0000 0000 0000 0000 0000 0000 0000
  03E0  | 0000 0000 0000 0000 0000 0000 0000 0000 0000 0000 0000 0000 0000 0000 0000 0000
  03F0  | 0000 0000 0000 0000 0000 0000 0000 0000 0000 0000 0000 0000 0000 0000 0000 0000
  0400  | 0000 0000 0000 0000 0000 0000 0000 0000 0000 0000 0000 0000 0000 0000 0000 0000
  0410  | 0000 0000 0000 0000 0000 0000 0000 0000 0000 0000 0000 0000 0000 0000 0000 0000
  0420  | 0000 0000 0000 0000 0000 0000 0000 0000 0000 0000 0000 0000 0000 0000 0000 0000
  0430  | 0000 0000 0000 0000 0000 0000 0000 0000 0000 0000 0000 0000 0000 0000 0000 0000
  0440  | 0000 0000 0000 0000 0000 0000 0000 0000 0000 0000 0000 0000 0000 0000 0000 0000
  0450  | 0000 0000 0000 0000 0000 0000 0000 0000 0000 0000 0000 0000 0000 0000 0000 0000
  0460  | 0000 0000 0000 0000 0000 0000 0000 0000 0000 0000 0000 0000 0000 0000 0000 0000
  0470  | 0000 0000 0000 0000 0000 0000 0000 0000 0000 0000 0000 0000 0000 0000 0000 0000
  0480  | 0000 0000 0000 0000 0000 0000 0000 0000 0000 0000 0000 0000 0000 0000 0000 0000
  0490  | 0000 0000 0000 0000 0000 0000 0000 0000 0000 0000 0000 0000 0000 0000 0000 0000
  04A0  | 0000 0000 0000 0000 0000 0000 0000 0000 0000 0000 0000 0000 0000 0000 0000 0000
  04B0  | 0000 0000 0000 0000 0000 0000 0000 0000 0000 0000 0000 0000 0000 0000 0000 0000
  04C0  | 0000 0000 0000 0000 0000 0000 0000 0000 0000 0000 0000 0000 0000 0000 0000 0000
  04D0  | 0000 0000 0000 0000 0000 0000 0000 0000 0000 0000 0000 0000 0000 0000 0000 0000
  04E0  | 0000 0000 0000 0000 0000 0000 0000 0000 0000 0000 0000 0000 0000 0000 0000 0000
  04F0  | 0000 0000 0000 0000 0000 0000 0000 0000 0000 0000 0000 0000 0000 0000 0000 0000
  0500  | 0000 0000 0000 0000 0000 0000 0000 0000 0000 0000 0000 0000 0000 0000 0000 0000
  0510  | 0000 0000 0000 0000 0000 0000 0000 0000 0000 0000 0000 0000 0000 0000 0000 0000
  0520  | 0000 0000 0000 0000 0000 0000 0000 0000 0000 0000 0000 0000 0000 0000 0000 0000
  0530  | 0000 0000 0000 0000 0000 0000 0000 0000 0000 0000 0000 0000 0000 0000 0000 0000
  0540  | 0000 0000 0000 0000 0000 0000 0000 0000 0000 0000 0000 0000 0000 0000 0000 0000
  0550  | 0000 0000 0000 0000 0000 0000 0000 0000 0000 0000 0000 0000 0000 0000 0000 0000
  0560  | 0000 0000 0000 0000 0000 0000 0000 0000 0000 0000 0000 0000 0000 0000 0000 0000
  0570  | 0000 0000 0000 0000 0000 0000 0000 0000 0000 0000 0000 0000 0000 0000 0000 0000
  0580  | 0000 0000 0000 0000 0000 0000 0000 0000 0000 0000 0000 0000 0000 0000 0000 0000
  0590  | 0000 0000 0000 0000 0000 0000 0000 0000 0000 0000 0000 0000 0000 0000 0000 0000
  05A0  | 0000 0000 0000 0000 0000 0000 0000 0000 0000 0000 0000 0000 0000 0000 0000 0000
  05B0  | 0000 0000 0000 0000 0000 0000 0000 0000 0000 0000 0000 0000 0000 0000 0000 0000
  05C0  | 0000 0000 0000 0000 0000 0000 0000 0000 0000 0000 0000 0000 0000 0000 0000 0000
  05D0  | 0000 0000 0000 0000 0000 0000 0000 0000 0000 0000 0000 0000 0000 0000 0000 0000
  05E0  | 0000 0000 0000 0000 0000 0000 0000 0000 0000 0000 0000 0000 0000 0000 0000 0000
  05F0  | 0000 0000 0000 0000 0000 0000 0000 0000 0000 0000 0000 0000 0000 0000 0000 0000
  0600  | 0000 0000 0000 0000 0000 0000 0000 0000 0000 0000 0000 0000 0000 0000 0000 0000
  0610  | 0000 0000 0000 0000 0000 0000 0000 0000 0000 0000 0000 0000 0000 0000 0000 0000
  0620  | 0000 0000 0000 0000 0000 0000 0000 0000 0000 0000 0000 0000 0000 0000 0000 0000
  0630  | 0000 0000 0000 0000 0000 0000 0000 0000 0000 0000 0000 0000 0000 0000 0000 0000
  0640  | 0000 0000 0000 0000 0000 0000 0000 0000 0000 0000 0000 0000 0000 0000 0000 0000
  0650  | 0000 0000 0000 0000 0000 0000 0000 0000 0000 0000 0000 0000 0000 0000 0000 0000
  0660  | 0000 0000 0000 0000 0000 0000 0000 0000 0000 0000 0000 0000 0000 0000 0000 0000
  0670  | 0000 0000 0000 0000 0000 0000 0000 0000 0000 0000 0000 0000 0000 0000 0000 0000
  0680  | 0000 0000 0000 0000 0000 0000 0000 0000 0000 0000 0000 0000 0000 0000 0000 0000
  0690  | 0000 0000 0000 0000 0000 0000 0000 0000 0000 0000 0000 0000 0000 0000 0000 0000
  06A0  | 0000 0000 0000 0000 0000 0000 0000 0000 0000 0000 0000 0000 0000 0000 0000 0000
  06B0  | 0000 0000 0000 0000 0000 0000 0000 0000 0000 0000 0000 0000 0000 0000 0000 0000
  06C0  | 0000 0000 0000 0000 0000 0000 0000 0000 0000 0000 0000 0000 0000 0000 0000 0000
  06D0  | 0000 0000 0000 0000 0000 0000 0000 0000 0000 0000 0000 0000 0000 0000 0000 0000
  06E0  | 0000 0000 0000 0000 0000 0000 0000 0000 0000 0000 0000 0000 0000 0000 0000 0000
  06F0  | 0000 0000 0000 0000 0000 0000 0000 0000 0000 0000 0000 0000 0000 0000 0000 0000
  0700  | 0000 0000 0000 0000 0000 0000 0000 0000 0000 0000 0000 0000 0000 0000 0000 0000
  0710  | 0000 0000 0000 0000 0000 0000 0000 0000 0000 0000 0000 0000 0000 0000 0000 0000
  0720  | 0000 0000 0000 0000 0000 0000 0000 0000 0000 0000 0000 0000 0000 0000 0000 0000
  0730  | 0000 0000 0000 0000 0000 0000 0000 0000 0000 0000 0000 0000 0000 0000 0000 0000
  0740  | 0000 0000 0000 0000 0000 0000 0000 0000 0000 0000 0000 0000 0000 0000 0000 0000
  0750  | 0000 0000 0000 0000 0000 0000 0000 0000 0000 0000 0000 0000 0000 0000 0000 0000
  0760  | 0000 0000 0000 0000 0000 0000 0000 0000 0000 0000 0000 0000 0000 0000 0000 0000
  0770  | 0000 0000 0000 0000 0000 0000 0000 0000 0000 0000 0000 0000 0000 0000 0000 0000
  0780  | 0000 0000 0000 0000 0000 0000 0000 0000 0000 0000 0000 0000 0000 0000 0000 0000
  0790  | 0000 0000 0000 0000 0000 0000 0000 0000 0000 0000 0000 0000 0000 0000 0000 0000
  07A0  | 0000 0000 0000 0000 0000 0000 0000 0000 0000 0000 0000 0000 0000 0000 0000 0000
  07B0  | 0000 0000 0000 0000 0000 0000 0000 0000 0000 0000 0000 0000 0000 0000 0000 0000
  07C0  | 0000 0000 0000 0000 0000 0000 0000 0000 0000 0000 0000 0000 0000 0000 0000 0000
  07D0  | 0000 0000 0000 0000 0000 0000 0000 0000 0000 0000 0000 0000 0000 0000 0000 0000
  07E0  | 0000 0000 0000 0000 0000 0000 0000 0000 0000 0000 0000 0000 0000 0000 0000 0000
  07F0  | 0000 0000 0000 0000 0000 0000 0000 0000 0000 0000 0000 0000 0000 0000 0000 0000
  0800  | 0000 0000 0000 0000 0000 0000 0000 0000 0000 0000 0000 0000 0000 0000 0000 0000
  0810  | 0000 0000 0000 0000 0000 0000 0000 0000 0000 0000 0000 0000 0000 0000 0000 0000
  0820  | 0000 0000 0000 0000 0000 0000 0000 0000 0000 0000 0000 0000 0000 0000 0000 0000
  0830  | 0000 0000 0000 0000 0000 0000 0000 0000 0000 0000 0000 0000 0000 0000 0000 0000
  0840  | 0000 0000 0000 0000 0000 0000 0000 0000 0000 0000 0000 0000 0000 0000 0000 0000
  0850  | 0000 0000 0000 0000 0000 0000 0000 0000 0000 0000 0000 0000 0000 0000 0000 0000
  0860  | 0000 0000 0000 0000 0000 0000 0000 0000 0000 0000 0000 0000 0000 0000 0000 0000
  0870  | 0000 0000 0000 0000 0000 0000 0000 0000 0000 0000 0000 0000 0000 0000 0000 0000
  0880  | 0000 0000 0000 0000 0000 0000 0000 0000 0000 0000 0000 0000 0000 0000 0000 0000
  0890  | 0000 0000 0000 0000 0000 0000 0000 0000 0000 0000 0000 0000 0000 0000 0000 0000
  08A0  | 0000 0000 0000 0000 0000 0000 0000 0000 0000 0000 0000 0000 0000 0000 0000 0000
  08B0  | 0000 0000 0000 0000 0000 0000 0000 0000 0000 0000 0000 0000 0000 0000 0000 0000
  08C0  | 0000 0000 0000 0000 0000 0000 0000 0000 0000 0000 0000 0000 0000 0000 0000 0000
  08D0  | 0000 0000 0000 0000 0000 0000 0000 0000 0000 0000 0000 0000 0000 0000 0000 0000
  08E0  | 0000 0000 0000 0000 0000 0000 0000 0000 0000 0000 0000 0000 0000 0000 0000 0000
  08F0  | 0000 0000 0000 0000 0000 0000 0000 0000 0000 0000 0000 0000 0000 0000 0000 0000
  0900  | 0000 0000 0000 0000 0000 0000 0000 0000 0000 0000 0000 0000 0000 0000 0000 0000
  0910  | 0000 0000 0000 0000 0000 0000 0000 0000 0000 0000 0000 0000 0000 0000 0000 0000
  0920  | 0000 0000 0000 0000 0000 0000 0000 0000 0000 0000 0000 0000 0000 0000 0000 0000
  0930  | 0000 0000 0000 0000 0000 0000 0000 0000 0000 0000 0000 0000 0000 0000 0000 0000
  0940  | 0000 0000 0000 0000 0000 0000 0000 0000 0000 0000 0000 0000 0000 0000 0000 0000
  0950  | 0000 0000 0000 0000 0000 0000 0000 0000 0000 0000 0000 0000 0000 0000 0000 0000
  0960  | 0000 0000 0000 0000 0000 0000 0000 0000 0000 0000 0000 0000 0000 0000 0000 0000
  0970  | 0000 0000 0000 0000 0000 0000 0000 0000 0000 0000 0000 0000 0000 0000 0000 0000
  0980  | 0000 0000 0000 0000 0000 0000 0000 0000 0000 0000 0000 0000 0000 0000 0000 0000
  0990  | 0000 0000 0000 0000 0000 0000 0000 0000 0000 0000 0000 0000 0000 0000 0000 0000
  09A0  | 0000 0000 0000 0000 0000 0000 0000 0000 0000 0000 0000 0000 0000 0000 0000 0000
  09B0  | 0000 0000 0000 0000 0000 0000 0000 0000 0000 0000 0000 0000 0000 0000 0000 0000
  09C0  | 0000 0000 0000 0000 0000 0000 0000 0000 0000 0000 0000 0000 0000 0000 0000 0000
  09D0  | 0000 0000 0000 0000 0000 0000 0000 0000 0000 0000 0000 0000 0000 0000 0000 0000
  09E0  | 0000 0000 0000 0000 0000 0000 0000 0000 0000 0000 0000 0000 0000 0000 0000 0000
  09F0  | 0000 0000 0000 0000 0000 0000 0000 0000 0000 0000 0000 0000 0000 0000 0000 0000
  0A00  | 0000 0000 0000 0000 0000 0000 0000 0000 0000 0000 0000 0000 0000 0000 0000 0000
  0A10  | 0000 0000 0000 0000 0000 0000 0000 0000 0000 0000 0000 0000 0000 0000 0000 0000
  0A20  | 0000 0000 0000 0000 0000 0000 0000 0000 0000 0000 0000 0000 0000 0000 0000 0000
  0A30  | 0000 0000 0000 0000 0000 0000 0000 0000 0000 0000 0000 0000 0000 0000 0000 0000
  0A40  | 0000 0000 0000 0000 0000 0000 0000 0000 0000 0000 0000 0000 0000 0000 0000 0000
  0A50  | 0000 0000 0000 0000 0000 0000 0000 0000 0000 0000 0000 0000 0000 0000 0000 0000
  0A60  | 0000 0000 0000 0000 0000 0000 0000 0000 0000 0000 0000 0000 0000 0000 0000 0000
  0A70  | 0000 0000 0000 0000 0000 0000 0000 0000 0000 0000 0000 0000 0000 0000 0000 0000
  0A80  | 0000 0000 0000 0000 0000 0000 0000 0000 0000 0000 0000 0000 0000 0000 0000 0000
  0A90  | 0000 0000 0000 0000 0000 0000 0000 0000 0000 0000 0000 0000 0000 0000 0000 0000
  0AA0  | 0000 0000 0000 0000 0000 0000 0000 0000 0000 0000 0000 0000 0000 0000 0000 0000
  0AB0  | 0000 0000 0000 0000 0000 0000 0000 0000 0000 0000 0000 0000 0000 0000 0000 0000
  0AC0  | 0000 0000 0000 0000 0000 0000 0000 0000 0000 0000 0000 0000 0000 0000 0000 0000
  0AD0  | 0000 0000 0000 0000 0000 0000 0000 0000 0000 0000 0000 0000 0000 0000 0000 0000
  0AE0  | 0000 0000 0000 0000 0000 0000 0000 0000 0000 0000 0000 0000 0000 0000 0000 0000
  0AF0  | 0000 0000 0000 0000 0000 0000 0000 0000 0000 0000 0000 0000 0000 0000 0000 0000
  0B00  | 0000 0000 0000 0000 0000 0000 0000 0000 0000 0000 0000 0000 0000 0000 0000 0000
  0B10  | 0000 0000 0000 0000 0000 0000 0000 0000 0000 0000 0000 0000 0000 0000 0000 0000
  0B20  | 0000 0000 0000 0000 0000 0000 0000 0000 0000 0000 0000 0000 0000 0000 0000 0000
  0B30  | 0000 0000 0000 0000 0000 0000 0000 0000 0000 0000 0000 0000 0000 0000 0000 0000
  0B40  | 0000 0000 0000 0000 0000 0000 0000 0000 0000 0000 0000 0000 0000 0000 0000 0000
  0B50  | 0000 0000 0000 0000 0000 0000 0000 0000 0000 0000 0000 0000 0000 0000 0000 0000
  0B60  | 0000 0000 0000 0000 0000 0000 0000 0000 0000 0000 0000 0000 0000 0000 0000 0000
  0B70  | 0000 0000 0000 0000 0000 0000 0000 0000 0000 0000 0000 0000 0000 0000 0000 0000
  0B80  | 0000 0000 0000 0000 0000 0000 0000 0000 0000 0000 0000 0000 0000 0000 0000 0000
  0B90  | 0000 0000 0000 0000 0000 0000 0000 0000 0000 0000 0000 0000 0000 0000 0000 0000
  0BA0  | 0000 0000 0000 0000 0000 0000 0000 0000 0000 0000 0000 0000 0000 0000 0000 0000
  0BB0  | 0000 0000 0000 0000 0000 0000 0000 0000 0000 0000 0000 0000 0000 0000 0000 0000
  0BC0  | 0000 0000 0000 0000 0000 0000 0000 0000 0000 0000 0000 0000 0000 0000 0000 0000
  0BD0  | 0000 0000 0000 0000 0000 0000 0000 0000 0000 0000 0000 0000 0000 0000 0000 0000
  0BE0  | 0000 0000 0000 0000 0000 0000 0000 0000 0000 0000 0000 0000 0000 0000 0000 0000
  0BF0  | 0000 0000 0000 0000 0000 0000 0000 0000 0000 0000 0000 0000 0000 0000 0000 0000
  0C00  | 0000 0000 0000 0000 0000 0000 0000 0000 0000 0000 0000 0000 0000 0000 0000 0000
  0C10  | 0000 0000 0000 0000 0000 0000 0000 0000 0000 0000 0000 0000 0000 0000 0000 0000
  0C20  | 0000 0000 0000 0000 0000 0000 0000 0000 0000 0000 0000 0000 0000 0000 0000 0000
  0C30  | 0000 0000 0000 0000 0000 0000 0000 0000 0000 0000 0000 0000 0000 0000 0000 0000
  0C40  | 0000 0000 0000 0000 0000 0000 0000 0000 0000 0000 0000 0000 0000 0000 0000 0000
  0C50  | 0000 0000 0000 0000 0000 0000 0000 0000 0000 0000 0000 0000 0000 0000 0000 0000
  0C60  | 0000 0000 0000 0000 0000 0000 0000 0000 0000 0000 0000 0000 0000 0000 0000 0000
  0C70  | 0000 0000 0000 0000 0000 0000 0000 0000 0000 0000 0000 0000 0000 0000 0000 0000
  0C80  | 0000 0000 0000 0000 0000 0000 0000 0000 0000 0000 0000 0000 0000 0000 0000 0000
  0C90  | 0000 0000 0000 0000 0000 0000 0000 0000 0000 0000 0000 0000 0000 0000 0000 0000
  0CA0  | 0000 0000 0000 0000 0000 0000 0000 0000 0000 0000 0000 0000 0000 0000 0000 0000
  0CB0  | 0000 0000 0000 0000 0000 0000 0000 0000 0000 0000 0000 0000 0000 0000 0000 0000
  0CC0  | 0000 0000 0000 0000 0000 0000 0000 0000 0000 0000 0000 0000 0000 0000 0000 0000
  0CD0  | 0000 0000 0000 0000 0000 0000 0000 0000 0000 0000 0000 0000 0000 0000 0000 0000
  0CE0  | 0000 0000 0000 0000 0000 0000 0000 0000 0000 0000 0000 0000 0000 0000 0000 0000
  0CF0  | 0000 0000 0000 0000 0000 0000 0000 0000 0000 0000 0000 0000 0000 0000 0000 0000
  0D00  | 0000 0000 0000 0000 0000 0000 0000 0000 0000 0000 0000 0000 0000 0000 0000 0000
  0D10  | 0000 0000 0000 0000 0000 0000 0000 0000 0000 0000 0000 0000 0000 0000 0000 0000
  0D20  | 0000 0000 0000 0000 0000 0000 0000 0000 0000 0000 0000 0000 0000 0000 0000 0000
  0D30  | 0000 0000 0000 0000 0000 0000 0000 0000 0000 0000 0000 0000 0000 0000 0000 0000
  0D40  | 0000 0000 0000 0000 0000 0000 0000 0000 0000 0000 0000 0000 0000 0000 0000 0000
  0D50  | 0000 0000 0000 0000 0000 0000 0000 0000 0000 0000 0000 0000 0000 0000 0000 0000
  0D60  | 0000 0000 0000 0000 0000 0000 0000 0000 0000 0000 0000 0000 0000 0000 0000 0000
  0D70  | 0000 0000 0000 0000 0000 0000 0000 0000 0000 0000 0000 0000 0000 0000 0000 0000
  0D80  | 0000 0000 0000 0000 0000 0000 0000 0000 0000 0000 0000 0000 0000 0000 0000 0000
  0D90  | 0000 0000 0000 0000 0000 0000 0000 0000 0000 0000 0000 0000 0000 0000 0000 0000
  0DA0  | 0000 0000 0000 0000 0000 0000 0000 0000 0000 0000 0000 0000 0000 0000 0000 0000
  0DB0  | 0000 0000 0000 0000 0000 0000 0000 0000 0000 0000 0000 0000 0000 0000 0000 0000
  0DC0  | 0000 0000 0000 0000 0000 0000 0000 0000 0000 0000 0000 0000 0000 0000 0000 0000
  0DD0  | 0000 0000 0000 0000 0000 0000 0000 0000 0000 0000 0000 0000 0000 0000 0000 0000
  0DE0  | 0000 0000 0000 0000 0000 0000 0000 0000 0000 0000 0000 0000 0000 0000 0000 0000
  0DF0  | 0000 0000 0000 0000 0000 0000 0000 0000 0000 0000 0000 0000 0000 0000 0000 0000
  0E00  | 0000 0000 0000 0000 0000 0000 0000 0000 0000 0000 0000 0000 0000 0000 0000 0000
  0E10  | 0000 0000 0000 0000 0000 0000 0000 0000 0000 0000 0000 0000 0000 0000 0000 0000
  0E20  | 0000 0000 0000 0000 0000 0000 0000 0000 0000 0000 0000 0000 0000 0000 0000 0000
  0E30  | 0000 0000 0000 0000 0000 0000 0000 0000 0000 0000 0000 0000 0000 0000 0000 0000
  0E40  | 0000 0000 0000 0000 0000 0000 0000 0000 0000 0000 0000 0000 0000 0000 0000 0000
  0E50  | 0000 0000 0000 0000 0000 0000 0000 0000 0000 0000 0000 0000 0000 0000 0000 0000
  0E60  | 0000 0000 0000 0000 0000 0000 0000 0000 0000 0000 0000 0000 0000 0000 0000 0000
  0E70  | 0000 0000 0000 0000 0000 0000 0000 0000 0000 0000 0000 0000 0000 0000 0000 0000
  0E80  | 0000 0000 0000 0000 0000 0000 0000 0000 0000 0000 0000 0000 0000 0000 0000 0000
  0E90  | 0000 0000 0000 0000 0000 0000 0000 0000 0000 0000 0000 0000 0000 0000 0000 0000
  0EA0  | 0000 0000 0000 0000 0000 0000 0000 0000 0000 0000 0000 0000 0000 0000 0000 0000
  0EB0  | 0000 0000 0000 0000 0000 0000 0000 0000 0000 0000 0000 0000 0000 0000 0000 0000
  0EC0  | 0000 0000 0000 0000 0000 0000 0000 0000 0000 0000 0000 0000 0000 0000 0000 0000
  0ED0  | 0000 0000 0000 0000 0000 0000 0000 0000 0000 0000 0000 0000 0000 0000 0000 0000
  0EE0  | 0000 0000 0000 0000 0000 0000 0000 0000 0000 0000 0000 0000 0000 0000 0000 0000
  0EF0  | 0000 0000 0000 0000 0000 0000 0000 0000 0000 0000 0000 0000 0000 0000 0000 0000
  0F00  | 0000 0000 0000 0000 0000 0000 0000 0000 0000 0000 0000 0000 0000 0000 0000 0000
  0F10  | 0000 0000 0000 0000 0000 0000 0000 0000 0000 0000 0000 0000 0000 0000 0000 0000
  0F20  | 0000 0000 0000 0000 0000 0000 0000 0000 0000 0000 0000 0000 0000 0000 0000 0000
  0F30  | 0000 0000 0000 0000 0000 0000 0000 0000 0000 0000 0000 0000 0000 0000 0000 0000
  0F40  | 0000 0000 0000 0000 0000 0000 0000 0000 0000 0000 0000 0000 0000 0000 0000 0000
  0F50  | 0000 0000 0000 0000 0000 0000 0000 0000 0000 0000 0000 0000 0000 0000 0000 0000
  0F60  | 0000 0000 0000 0000 0000 0000 0000 0000 0000 0000 0000 0000 0000 0000 0000 0000
  0F70  | 0000 0000 0000 0000 0000 0000 0000 0000 0000 0000 0000 0000 0000 0000 0000 0000
  0F80  | 0000 0000 0000 0000 0000 0000 0000 0000 0000 0000 0000 0000 0000 0000 0000 0000
  0F90  | 0000 0000 0000 0000 0000 0000 0000 0000 0000 0000 0000 0000 0000 0000 0000 0000
  0FA0  | 0000 0000 0000 0000 0000 0000 0000 0000 0000 0000 0000 0000 0000 0000 0000 0000
  0FB0  | 0000 0000 0000 0000 0000 0000 0000 0000 0000 0000 0000 0000 0000 0000 0000 0000
  0FC0  | 0000 0000 0000 0000 0000 0000 0000 0000 0000 0000 0000 0000 0000 0000 0000 0000
  0FD0  | 0000 0000 0000 0000 0000 0000 0000 0000 0000 0000 0000 0000 0000 0000 0000 0000
  0FE0  | 0000 0000 0000 0000 0000 0000 0000 0000 0000 0000 0000 0000 0000 0000 0000 0000
  0FF0  | 0000 0000 0000 0000 0000 0000 0000 0000 0000 0000 0000 0000 0000 0000 0000 0000
