layer 1 : 4096 words, 756 non-zero (18.5%), 110 distinct
most common cells:
   0000  x3340   tile=0000 color=0
   3806  x96     tile=1806 color=1
   1A0B  x76     tile=1A0B color=0
   0003  x56     tile=0003 color=0
   0007  x28     tile=0007 color=0
   0006  x28     tile=0006 color=0
   0005  x28     tile=0005 color=0
   0004  x28     tile=0004 color=0

  addr  | cells (tile:color)
  0000  | 1A0B 0007 0006 0005 0004 0003 0003 0001 FB23 FB15 3806 3806 3806 3806 3806 0000
  0010  | 0000 0000 0000 0000 00D6 00D4 00D3 00D2 00D1 00C1 00AF 1A0B 1A0B 1A0B 1A0B 1A0B
  0020  | 1A0B 0007 0006 0005 0004 0003 0003 0001 FB24 FB16 3806 3806 3806 3806 3806 0000
  0030  | 0000 0000 0000 0000 00D6 00D4 00D3 00D2 00D1 00C1 00AF 1A85 1A65 1A0B 1A0B 1A0B
  0040  | 1A0B 0007 0006 0005 0004 0003 0003 0001 FB25 FB16 3806 3806 3806 3806 3806 0000
  0050  | 0000 0000 0000 0000 00D6 00D4 00D3 00D2 00D1 00C1 00AF 1A0B 1A66 1A0B 1A0B 1A0B
  0060  | 1A0B 0007 0006 0005 0004 0003 0003 0001 FB26 FB17 3806 3806 3806 3806 3806 0000
  0070  | 0000 0000 0000 0000 00D6 00D4 00D3 00D2 00D1 00C1 00AF 1A87 1A67 1A0B 1A0B 1A0B
  0080  | 1A0C 0007 0006 0005 0004 0003 0003 0001 FB27 FB18 3836 381D 3811 3806 3806 0000
  0090  | 0000 0000 0000 0000 00D6 00D4 00D3 00D2 00D1 00C1 00AF 1A88 1A68 1A4A 1A30 1A17
  00A0  | 1A0D 0007 0006 0005 0004 0003 0003 0001 FB28 FB19 3837 381E 3812 3808 3806 0000
  00B0  | 0000 0000 0000 0000 00D6 00D4 00D3 00D2 00D1 00C1 00AF 1A89 1A69 1A4B 1A31 1A18
  00C0  | 1A0E 0007 0006 0005 0004 0003 0003 0001 FB29 FB1A 3838 381F 3813 3809 3806 0000
  00D0  | 0000 0000 0000 0000 00D6 00D4 00D3 00D2 00D1 00C1 00AF 1A8A 1A6A 1A4C 1A32 1A19
  00E0  | 1A0B 0007 0006 0005 0004 0003 0003 0001 FB2A FB1B 3839 381F 3814 380A 3806 0000
  00F0  | 0000 0000 0000 0000 00D6 00D4 00D3 00D2 00D1 00C1 00AF 1A8B 1A6B 1A4D 1A33 1A1A
  0100  | 1A10 0007 0006 0005 0004 0003 0003 0001 FB2A FB1C 383A 3820 3815 380A 3806 0000
  0110  | 0000 0000 0000 0000 00D6 00D4 00D3 00D2 00D1 00C1 00AF 1A8C 1A6C 1A4E 1A34 1A1B
  0120  | 1A10 0007 0006 0005 0004 0003 0003 0001 FB2B FB1D 383B 3821 3816 3806 3806 0000
  0130  | 0000 0000 0000 0000 00D6 00D4 00D3 00D2 00D1 00C1 00AF 1A8D 1A6D 1A4F 1A35 1A1C
  0140  | 1A0B 0007 0006 0005 0004 0003 0003 0001 FB2C FB1E 3806 3806 3806 3806 3806 0000
  0150  | 0000 0000 0000 0000 00D6 00D4 00D3 00D2 00D1 00C1 00AF 1A8E 1A6E 1A0B 1A0B 1A0B
  0160  | 1A0B 0007 0006 0005 0004 0003 0003 0001 FB2D FB1F 3806 3806 3806 3806 3806 0000
  0170  | 0000 0000 0000 0000 00D6 00D4 00D3 00D2 00D1 00C1 00AF 1A8F 1A6F 1A0B 1A0B 1A0B
  0180  | 1A0B 0007 0006 0005 0004 0003 0003 0001 FB2E FB1F 3806 3806 3806 3806 3806 0000
  0190  | 0000 0000 0000 0000 00D6 00D4 00D3 00D2 00D1 00C1 00AF 1A90 1A70 1A0B 1A0B 1A0B
  01A0  | 1A0B 0007 0006 0005 0004 0003 0003 0001 FB2F FB20 3806 3806 3806 3806 3806 0000
  01B0  | 0000 0000 0000 0000 00D6 00D4 00D3 00D2 00D1 00C1 00AF 1A0B 1A0B 1A0B 1A0B 1A0B
  01C0  | 1A0B 0007 0006 0005 0004 0003 0003 0001 FB30 FB21 3806 3806 3806 3806 3806 0000
  01D0  | 0000 0000 0000 0000 00D6 00D4 00D3 00D2 00D1 00C1 00AF 1A0B 1A0B 1A0B 1A0B 1A0B
  01E0  | 1A0B 0007 0006 0005 0004 0003 0003 0001 14DE FB22 3806 3806 3806 3806 3806 0000
  01F0  | 0000 0000 0000 0000 00D6 00D4 00D3 00D2 00D1 00C1 00AF 1A85 1A65 1A0B 1A0B 1A0B
  0200  | 1A0B 0007 0006 0005 0004 0003 0003 0001 14DE 14DE 3806 3806 3806 3806 3806 0000
  0210  | 0000 0000 0000 0000 00D6 00D4 00D3 00D2 00D1 00C1 00AF 1A0B 1A66 1A0B 1A0B 1A0B
  0220  | 1A0B 0007 0006 0005 0004 0003 0003 0001 14DE 14DE 3806 3806 3806 3806 3806 0000
  0230  | 0000 0000 0000 0000 00D6 00D4 00D3 00D2 00D1 00C1 00AF 1A87 1A67 1A0B 1A0B 1A0B
  0240  | 1A0C 0007 0006 0005 0004 0003 0003 0001 14DE 14DE 3836 381D 3811 3806 3806 0000
  0250  | 0000 0000 0000 0000 00D6 00D4 00D3 00D2 00D1 00C1 00AF 1A88 1A68 1A4A 1A30 1A17
  0260  | 1A0D 0007 0006 0005 0004 0003 0003 0001 14DE 14DE 3837 381E 3812 3808 3806 0000
  0270  | 0000 0000 0000 0000 00D6 00D4 00D3 00D2 00D1 00C1 00AF 1A89 1A69 1A4B 1A31 1A18
  0280  | 1A0E 0007 0006 0005 0004 0003 0003 0001 14DE 14DE 3838 381F 3813 3809 3806 0000
  0290  | 0000 0000 0000 0000 00D6 00D4 00D3 00D2 00D1 00C1 00AF 1A8A 1A6A 1A4C 1A32 1A19
  02A0  | 1A0B 0007 0006 0005 0004 0003 0003 0001 14DE 14DE 3839 381F 3814 380A 3806 0000
  02B0  | 0000 0000 0000 0000 00D6 00D4 00D3 00D2 00D1 00C1 00AF 1A8B 1A6B 1A4D 1A33 1A1A
  02C0  | 1A10 0007 0006 0005 0004 0003 0003 0001 14DE 14DE 383A 3820 3815 380A 3806 0000
  02D0  | 0000 0000 0000 0000 00D6 00D4 00D3 00D2 00D1 00C1 00AF 1A8C 1A6C 1A4E 1A34 1A1B
  02E0  | 1A10 0007 0006 0005 0004 0003 0003 0001 14DE 14DE 383B 3821 3816 3806 3806 0000
  02F0  | 0000 0000 0000 0000 00D6 00D4 00D3 00D2 00D1 00C1 00AF 1A8D 1A6D 1A4F 1A35 1A1C
  0300  | 1A0B 0007 0006 0005 0004 0003 0003 0001 14DE 14DE 3806 3806 3806 3806 3806 0000
  0310  | 0000 0000 0000 0000 00D6 00D4 00D3 00D2 00D1 00C1 00AF 1A8E 1A6E 1A0B 1A0B 1A0B
  0320  | 1A0B 0007 0006 0005 0004 0003 0003 0001 14DE 14DE 3806 3806 3806 3806 3806 0000
  0330  | 0000 0000 0000 0000 00D6 00D4 00D3 00D2 00D1 00C1 00AF 1A8F 1A6F 1A0B 1A0B 1A0B
  0340  | 1A0B 0007 0006 0005 0004 0003 0003 0001 14DE 14DE 3806 3806 3806 3806 3806 0000
  0350  | 0000 0000 0000 0000 00D6 00D4 00D3 00D2 00D1 00C1 00AF 1A90 1A70 1A0B 1A0B 1A0B
  0360  | 1A0B 0007 0006 0005 0004 0003 0003 0001 14DE 14DE 3806 3806 3806 3806 3806 0000
  0370  | 0000 0000 0000 0000 00D6 00D4 00D3 00D2 00D1 00C1 00AF 1A0B 1A0B 1A0B 1A0B 1A0B
  0380  | 0000 0000 0000 0000 0000 0000 0000 0000 0000 0000 0000 0000 0000 0000 0000 0000
  0390  | 0000 0000 0000 0000 0000 0000 0000 0000 0000 0000 0000 0000 0000 0000 0000 0000
  03A0  | 0000 0000 0000 0000 0000 0000 0000 0000 0000 0000 0000 0000 0000 0000 0000 0000
  03B0  | 0000 0000 0000 0000 0000 0000 0000 0000 0000 0000 0000 0000 0000 0000 0000 0000
  03C0  | 0000 0000 0000 0000 0000 0000 0000 0000 0000 0000 0000 0000 0000 0000 0000 0000
  03D0  | 0000 0000 0000 0000 0000 0000 0000 0000 0000 0000 0000 0000 0000 0000 0000 0000
  03E0  | 0000 0000 0000 0000 0000 0000 0000 0000 0000 0000 0000 0000 0000 0000 0000 0000
  03F0  | 0000 0000 0000 0000 0000 0000 0000 0000 0000 0000 0000 0000 0000 0000 0000 0000
  0400  | 0000 0000 0000 0000 0000 0000 0000 0000 0000 0000 0000 0000 0000 0000 0000 0000
  0410  | 0000 0000 0000 0000 0000 0000 0000 0000 0000 0000 0000 0000 0000 0000 0000 0000
  0420  | 0000 0000 0000 0000 0000 0000 0000 0000 0000 0000 0000 0000 0000 0000 0000 0000
  0430  | 0000 0000 0000 0000 0000 0000 0000 0000 0000 0000 0000 0000 0000 0000 0000 0000
  0440  | 0000 0000 0000 0000 0000 0000 0000 0000 0000 0000 0000 0000 0000 0000 0000 0000
  0450  | 0000 0000 0000 0000 0000 0000 0000 0000 0000 0000 0000 0000 0000 0000 0000 0000
  0460  | 0000 0000 0000 0000 0000 0000 0000 0000 0000 0000 0000 0000 0000 0000 0000 0000
  0470  | 0000 0000 0000 0000 0000 0000 0000 0000 0000 0000 0000 0000 0000 0000 0000 0000
  0480  | 0000 0000 0000 0000 0000 0000 0000 0000 0000 0000 0000 0000 0000 0000 0000 0000
  0490  | 0000 0000 0000 0000 0000 0000 0000 0000 0000 0000 0000 0000 0000 0000 0000 0000
  04A0  | 0000 0000 0000 0000 0000 0000 0000 0000 0000 0000 0000 0000 0000 0000 0000 0000
  04B0  | 0000 0000 0000 0000 0000 0000 0000 0000 0000 0000 0000 0000 0000 0000 0000 0000
  04C0  | 0000 0000 0000 0000 0000 0000 0000 0000 0000 0000 0000 0000 0000 0000 0000 0000
  04D0  | 0000 0000 0000 0000 0000 0000 0000 0000 0000 0000 0000 0000 0000 0000 0000 0000
  04E0  | 0000 0000 0000 0000 0000 0000 0000 0000 0000 0000 0000 0000 0000 0000 0000 0000
  04F0  | 0000 0000 0000 0000 0000 0000 0000 0000 0000 0000 0000 0000 0000 0000 0000 0000
  0500  | 0000 0000 0000 0000 0000 0000 0000 0000 0000 0000 0000 0000 0000 0000 0000 0000
  0510  | 0000 0000 0000 0000 0000 0000 0000 0000 0000 0000 0000 0000 0000 0000 0000 0000
  0520  | 0000 0000 0000 0000 0000 0000 0000 0000 0000 0000 0000 0000 0000 0000 0000 0000
  0530  | 0000 0000 0000 0000 0000 0000 0000 0000 0000 0000 0000 0000 0000 0000 0000 0000
  0540  | 0000 0000 0000 0000 0000 0000 0000 0000 0000 0000 0000 0000 0000 0000 0000 0000
  0550  | 0000 0000 0000 0000 0000 0000 0000 0000 0000 0000 0000 0000 0000 0000 0000 0000
  0560  | 0000 0000 0000 0000 0000 0000 0000 0000 0000 0000 0000 0000 0000 0000 0000 0000
  0570  | 0000 0000 0000 0000 0000 0000 0000 0000 0000 0000 0000 0000 0000 0000 0000 0000
  0580  | 0000 0000 0000 0000 0000 0000 0000 0000 0000 0000 0000 0000 0000 0000 0000 0000
  0590  | 0000 0000 0000 0000 0000 0000 0000 0000 0000 0000 0000 0000 0000 0000 0000 0000
  05A0  | 0000 0000 0000 0000 0000 0000 0000 0000 0000 0000 0000 0000 0000 0000 0000 0000
  05B0  | 0000 0000 0000 0000 0000 0000 0000 0000 0000 0000 0000 0000 0000 0000 0000 0000
  05C0  | 0000 0000 0000 0000 0000 0000 0000 0000 0000 0000 0000 0000 0000 0000 0000 0000
  05D0  | 0000 0000 0000 0000 0000 0000 0000 0000 0000 0000 0000 0000 0000 0000 0000 0000
  05E0  | 0000 0000 0000 0000 0000 0000 0000 0000 0000 0000 0000 0000 0000 0000 0000 0000
  05F0  | 0000 0000 0000 0000 0000 0000 0000 0000 0000 0000 0000 0000 0000 0000 0000 0000
  0600  | 0000 0000 0000 0000 0000 0000 0000 0000 0000 0000 0000 0000 0000 0000 0000 0000
  0610  | 0000 0000 0000 0000 0000 0000 0000 0000 0000 0000 0000 0000 0000 0000 0000 0000
  0620  | 0000 0000 0000 0000 0000 0000 0000 0000 0000 0000 0000 0000 0000 0000 0000 0000
  0630  | 0000 0000 0000 0000 0000 0000 0000 0000 0000 0000 0000 0000 0000 0000 0000 0000
  0640  | 0000 0000 0000 0000 0000 0000 0000 0000 0000 0000 0000 0000 0000 0000 0000 0000
  0650  | 0000 0000 0000 0000 0000 0000 0000 0000 0000 0000 0000 0000 0000 0000 0000 0000
  0660  | 0000 0000 0000 0000 0000 0000 0000 0000 0000 0000 0000 0000 0000 0000 0000 0000
  0670  | 0000 0000 0000 0000 0000 0000 0000 0000 0000 0000 0000 0000 0000 0000 0000 0000
  0680  | 0000 0000 0000 0000 0000 0000 0000 0000 0000 0000 0000 0000 0000 0000 0000 0000
  0690  | 0000 0000 0000 0000 0000 0000 0000 0000 0000 0000 0000 0000 0000 0000 0000 0000
  06A0  | 0000 0000 0000 0000 0000 0000 0000 0000 0000 0000 0000 0000 0000 0000 0000 0000
  06B0  | 0000 0000 0000 0000 0000 0000 0000 0000 0000 0000 0000 0000 0000 0000 0000 0000
  06C0  | 0000 0000 0000 0000 0000 0000 0000 0000 0000 0000 0000 0000 0000 0000 0000 0000
  06D0  | 0000 0000 0000 0000 0000 0000 0000 0000 0000 0000 0000 0000 0000 0000 0000 0000
  06E0  | 0000 0000 0000 0000 0000 0000 0000 0000 0000 0000 0000 0000 0000 0000 0000 0000
  06F0  | 0000 0000 0000 0000 0000 0000 0000 0000 0000 0000 0000 0000 0000 0000 0000 0000
  0700  | 0000 0000 0000 0000 0000 0000 0000 0000 0000 0000 0000 0000 0000 0000 0000 0000
  0710  | 0000 0000 0000 0000 0000 0000 0000 0000 0000 0000 0000 0000 0000 0000 0000 0000
  0720  | 0000 0000 0000 0000 0000 0000 0000 0000 0000 0000 0000 0000 0000 0000 0000 0000
  0730  | 0000 0000 0000 0000 0000 0000 0000 0000 0000 0000 0000 0000 0000 0000 0000 0000
  0740  | 0000 0000 0000 0000 0000 0000 0000 0000 0000 0000 0000 0000 0000 0000 0000 0000
  0750  | 0000 0000 0000 0000 0000 0000 0000 0000 0000 0000 0000 0000 0000 0000 0000 0000
  0760  | 0000 0000 0000 0000 0000 0000 0000 0000 0000 0000 0000 0000 0000 0000 0000 0000
  0770  | 0000 0000 0000 0000 0000 0000 0000 0000 0000 0000 0000 0000 0000 0000 0000 0000
  0780  | 0000 0000 0000 0000 0000 0000 0000 0000 0000 0000 0000 0000 0000 0000 0000 0000
  0790  | 0000 0000 0000 0000 0000 0000 0000 0000 0000 0000 0000 0000 0000 0000 0000 0000
  07A0  | 0000 0000 0000 0000 0000 0000 0000 0000 0000 0000 0000 0000 0000 0000 0000 0000
  07B0  | 0000 0000 0000 0000 0000 0000 0000 0000 0000 0000 0000 0000 0000 0000 0000 0000
  07C0  | 0000 0000 0000 0000 0000 0000 0000 0000 0000 0000 0000 0000 0000 0000 0000 0000
  07D0  | 0000 0000 0000 0000 0000 0000 0000 0000 0000 0000 0000 0000 0000 0000 0000 0000
  07E0  | 0000 0000 0000 0000 0000 0000 0000 0000 0000 0000 0000 0000 0000 0000 0000 0000
  07F0  | 0000 0000 0000 0000 0000 0000 0000 0000 0000 0000 0000 0000 0000 0000 0000 0000
  0800  | 0000 0000 0000 0000 0000 0000 0000 0000 0000 0000 0000 0000 0000 0000 0000 0000
  0810  | 0000 0000 0000 0000 0000 0000 0000 0000 0000 0000 0000 0000 0000 0000 0000 0000
  0820  | 0000 0000 0000 0000 0000 0000 0000 0000 0000 0000 0000 0000 0000 0000 0000 0000
  0830  | 0000 0000 0000 0000 0000 0000 0000 0000 0000 0000 0000 0000 0000 0000 0000 0000
  0840  | 0000 0000 0000 0000 0000 0000 0000 0000 0000 0000 0000 0000 0000 0000 0000 0000
  0850  | 0000 0000 0000 0000 0000 0000 0000 0000 0000 0000 0000 0000 0000 0000 0000 0000
  0860  | 0000 0000 0000 0000 0000 0000 0000 0000 0000 0000 0000 0000 0000 0000 0000 0000
  0870  | 0000 0000 0000 0000 0000 0000 0000 0000 0000 0000 0000 0000 0000 0000 0000 0000
  0880  | 0000 0000 0000 0000 0000 0000 0000 0000 0000 0000 0000 0000 0000 0000 0000 0000
  0890  | 0000 0000 0000 0000 0000 0000 0000 0000 0000 0000 0000 0000 0000 0000 0000 0000
  08A0  | 0000 0000 0000 0000 0000 0000 0000 0000 0000 0000 0000 0000 0000 0000 0000 0000
  08B0  | 0000 0000 0000 0000 0000 0000 0000 0000 0000 0000 0000 0000 0000 0000 0000 0000
  08C0  | 0000 0000 0000 0000 0000 0000 0000 0000 0000 0000 0000 0000 0000 0000 0000 0000
  08D0  | 0000 0000 0000 0000 0000 0000 0000 0000 0000 0000 0000 0000 0000 0000 0000 0000
  08E0  | 0000 0000 0000 0000 0000 0000 0000 0000 0000 0000 0000 0000 0000 0000 0000 0000
  08F0  | 0000 0000 0000 0000 0000 0000 0000 0000 0000 0000 0000 0000 0000 0000 0000 0000
  0900  | 0000 0000 0000 0000 0000 0000 0000 0000 0000 0000 0000 0000 0000 0000 0000 0000
  0910  | 0000 0000 0000 0000 0000 0000 0000 0000 0000 0000 0000 0000 0000 0000 0000 0000
  0920  | 0000 0000 0000 0000 0000 0000 0000 0000 0000 0000 0000 0000 0000 0000 0000 0000
  0930  | 0000 0000 0000 0000 0000 0000 0000 0000 0000 0000 0000 0000 0000 0000 0000 0000
  0940  | 0000 0000 0000 0000 0000 0000 0000 0000 0000 0000 0000 0000 0000 0000 0000 0000
  0950  | 0000 0000 0000 0000 0000 0000 0000 0000 0000 0000 0000 0000 0000 0000 0000 0000
  0960  | 0000 0000 0000 0000 0000 0000 0000 0000 0000 0000 0000 0000 0000 0000 0000 0000
  0970  | 0000 0000 0000 0000 0000 0000 0000 0000 0000 0000 0000 0000 0000 0000 0000 0000
  0980  | 0000 0000 0000 0000 0000 0000 0000 0000 0000 0000 0000 0000 0000 0000 0000 0000
  0990  | 0000 0000 0000 0000 0000 0000 0000 0000 0000 0000 0000 0000 0000 0000 0000 0000
  09A0  | 0000 0000 0000 0000 0000 0000 0000 0000 0000 0000 0000 0000 0000 0000 0000 0000
  09B0  | 0000 0000 0000 0000 0000 0000 0000 0000 0000 0000 0000 0000 0000 0000 0000 0000
  09C0  | 0000 0000 0000 0000 0000 0000 0000 0000 0000 0000 0000 0000 0000 0000 0000 0000
  09D0  | 0000 0000 0000 0000 0000 0000 0000 0000 0000 0000 0000 0000 0000 0000 0000 0000
  09E0  | 0000 0000 0000 0000 0000 0000 0000 0000 0000 0000 0000 0000 0000 0000 0000 0000
  09F0  | 0000 0000 0000 0000 0000 0000 0000 0000 0000 0000 0000 0000 0000 0000 0000 0000
  0A00  | 0000 0000 0000 0000 0000 0000 0000 0000 0000 0000 0000 0000 0000 0000 0000 0000
  0A10  | 0000 0000 0000 0000 0000 0000 0000 0000 0000 0000 0000 0000 0000 0000 0000 0000
  0A20  | 0000 0000 0000 0000 0000 0000 0000 0000 0000 0000 0000 0000 0000 0000 0000 0000
  0A30  | 0000 0000 0000 0000 0000 0000 0000 0000 0000 0000 0000 0000 0000 0000 0000 0000
  0A40  | 0000 0000 0000 0000 0000 0000 0000 0000 0000 0000 0000 0000 0000 0000 0000 0000
  0A50  | 0000 0000 0000 0000 0000 0000 0000 0000 0000 0000 0000 0000 0000 0000 0000 0000
  0A60  | 0000 0000 0000 0000 0000 0000 0000 0000 0000 0000 0000 0000 0000 0000 0000 0000
  0A70  | 0000 0000 0000 0000 0000 0000 0000 0000 0000 0000 0000 0000 0000 0000 0000 0000
  0A80  | 0000 0000 0000 0000 0000 0000 0000 0000 0000 0000 0000 0000 0000 0000 0000 0000
  0A90  | 0000 0000 0000 0000 0000 0000 0000 0000 0000 0000 0000 0000 0000 0000 0000 0000
  0AA0  | 0000 0000 0000 0000 0000 0000 0000 0000 0000 0000 0000 0000 0000 0000 0000 0000
  0AB0  | 0000 0000 0000 0000 0000 0000 0000 0000 0000 0000 0000 0000 0000 0000 0000 0000
  0AC0  | 0000 0000 0000 0000 0000 0000 0000 0000 0000 0000 0000 0000 0000 0000 0000 0000
  0AD0  | 0000 0000 0000 0000 0000 0000 0000 0000 0000 0000 0000 0000 0000 0000 0000 0000
  0AE0  | 0000 0000 0000 0000 0000 0000 0000 0000 0000 0000 0000 0000 0000 0000 0000 0000
  0AF0  | 0000 0000 0000 0000 0000 0000 0000 0000 0000 0000 0000 0000 0000 0000 0000 0000
  0B00  | 0000 0000 0000 0000 0000 0000 0000 0000 0000 0000 0000 0000 0000 0000 0000 0000
  0B10  | 0000 0000 0000 0000 0000 0000 0000 0000 0000 0000 0000 0000 0000 0000 0000 0000
  0B20  | 0000 0000 0000 0000 0000 0000 0000 0000 0000 0000 0000 0000 0000 0000 0000 0000
  0B30  | 0000 0000 0000 0000 0000 0000 0000 0000 0000 0000 0000 0000 0000 0000 0000 0000
  0B40  | 0000 0000 0000 0000 0000 0000 0000 0000 0000 0000 0000 0000 0000 0000 0000 0000
  0B50  | 0000 0000 0000 0000 0000 0000 0000 0000 0000 0000 0000 0000 0000 0000 0000 0000
  0B60  | 0000 0000 0000 0000 0000 0000 0000 0000 0000 0000 0000 0000 0000 0000 0000 0000
  0B70  | 0000 0000 0000 0000 0000 0000 0000 0000 0000 0000 0000 0000 0000 0000 0000 0000
  0B80  | 0000 0000 0000 0000 0000 0000 0000 0000 0000 0000 0000 0000 0000 0000 0000 0000
  0B90  | 0000 0000 0000 0000 0000 0000 0000 0000 0000 0000 0000 0000 0000 0000 0000 0000
  0BA0  | 0000 0000 0000 0000 0000 0000 0000 0000 0000 0000 0000 0000 0000 0000 0000 0000
  0BB0  | 0000 0000 0000 0000 0000 0000 0000 0000 0000 0000 0000 0000 0000 0000 0000 0000
  0BC0  | 0000 0000 0000 0000 0000 0000 0000 0000 0000 0000 0000 0000 0000 0000 0000 0000
  0BD0  | 0000 0000 0000 0000 0000 0000 0000 0000 0000 0000 0000 0000 0000 0000 0000 0000
  0BE0  | 0000 0000 0000 0000 0000 0000 0000 0000 0000 0000 0000 0000 0000 0000 0000 0000
  0BF0  | 0000 0000 0000 0000 0000 0000 0000 0000 0000 0000 0000 0000 0000 0000 0000 0000
  0C00  | 0000 0000 0000 0000 0000 0000 0000 0000 0000 0000 0000 0000 0000 0000 0000 0000
  0C10  | 0000 0000 0000 0000 0000 0000 0000 0000 0000 0000 0000 0000 0000 0000 0000 0000
  0C20  | 0000 0000 0000 0000 0000 0000 0000 0000 0000 0000 0000 0000 0000 0000 0000 0000
  0C30  | 0000 0000 0000 0000 0000 0000 0000 0000 0000 0000 0000 0000 0000 0000 0000 0000
  0C40  | 0000 0000 0000 0000 0000 0000 0000 0000 0000 0000 0000 0000 0000 0000 0000 0000
  0C50  | 0000 0000 0000 0000 0000 0000 0000 0000 0000 0000 0000 0000 0000 0000 0000 0000
  0C60  | 0000 0000 0000 0000 0000 0000 0000 0000 0000 0000 0000 0000 0000 0000 0000 0000
  0C70  | 0000 0000 0000 0000 0000 0000 0000 0000 0000 0000 0000 0000 0000 0000 0000 0000
  0C80  | 0000 0000 0000 0000 0000 0000 0000 0000 0000 0000 0000 0000 0000 0000 0000 0000
  0C90  | 0000 0000 0000 0000 0000 0000 0000 0000 0000 0000 0000 0000 0000 0000 0000 0000
  0CA0  | 0000 0000 0000 0000 0000 0000 0000 0000 0000 0000 0000 0000 0000 0000 0000 0000
  0CB0  | 0000 0000 0000 0000 0000 0000 0000 0000 0000 0000 0000 0000 0000 0000 0000 0000
  0CC0  | 0000 0000 0000 0000 0000 0000 0000 0000 0000 0000 0000 0000 0000 0000 0000 0000
  0CD0  | 0000 0000 0000 0000 0000 0000 0000 0000 0000 0000 0000 0000 0000 0000 0000 0000
  0CE0  | 0000 0000 0000 0000 0000 0000 0000 0000 0000 0000 0000 0000 0000 0000 0000 0000
  0CF0  | 0000 0000 0000 0000 0000 0000 0000 0000 0000 0000 0000 0000 0000 0000 0000 0000
  0D00  | 0000 0000 0000 0000 0000 0000 0000 0000 0000 0000 0000 0000 0000 0000 0000 0000
  0D10  | 0000 0000 0000 0000 0000 0000 0000 0000 0000 0000 0000 0000 0000 0000 0000 0000
  0D20  | 0000 0000 0000 0000 0000 0000 0000 0000 0000 0000 0000 0000 0000 0000 0000 0000
  0D30  | 0000 0000 0000 0000 0000 0000 0000 0000 0000 0000 0000 0000 0000 0000 0000 0000
  0D40  | 0000 0000 0000 0000 0000 0000 0000 0000 0000 0000 0000 0000 0000 0000 0000 0000
  0D50  | 0000 0000 0000 0000 0000 0000 0000 0000 0000 0000 0000 0000 0000 0000 0000 0000
  0D60  | 0000 0000 0000 0000 0000 0000 0000 0000 0000 0000 0000 0000 0000 0000 0000 0000
  0D70  | 0000 0000 0000 0000 0000 0000 0000 0000 0000 0000 0000 0000 0000 0000 0000 0000
  0D80  | 0000 0000 0000 0000 0000 0000 0000 0000 0000 0000 0000 0000 0000 0000 0000 0000
  0D90  | 0000 0000 0000 0000 0000 0000 0000 0000 0000 0000 0000 0000 0000 0000 0000 0000
  0DA0  | 0000 0000 0000 0000 0000 0000 0000 0000 0000 0000 0000 0000 0000 0000 0000 0000
  0DB0  | 0000 0000 0000 0000 0000 0000 0000 0000 0000 0000 0000 0000 0000 0000 0000 0000
  0DC0  | 0000 0000 0000 0000 0000 0000 0000 0000 0000 0000 0000 0000 0000 0000 0000 0000
  0DD0  | 0000 0000 0000 0000 0000 0000 0000 0000 0000 0000 0000 0000 0000 0000 0000 0000
  0DE0  | 0000 0000 0000 0000 0000 0000 0000 0000 0000 0000 0000 0000 0000 0000 0000 0000
  0DF0  | 0000 0000 0000 0000 0000 0000 0000 0000 0000 0000 0000 0000 0000 0000 0000 0000
  0E00  | 0000 0000 0000 0000 0000 0000 0000 0000 0000 0000 0000 0000 0000 0000 0000 0000
  0E10  | 0000 0000 0000 0000 0000 0000 0000 0000 0000 0000 0000 0000 0000 0000 0000 0000
  0E20  | 0000 0000 0000 0000 0000 0000 0000 0000 0000 0000 0000 0000 0000 0000 0000 0000
  0E30  | 0000 0000 0000 0000 0000 0000 0000 0000 0000 0000 0000 0000 0000 0000 0000 0000
  0E40  | 0000 0000 0000 0000 0000 0000 0000 0000 0000 0000 0000 0000 0000 0000 0000 0000
  0E50  | 0000 0000 0000 0000 0000 0000 0000 0000 0000 0000 0000 0000 0000 0000 0000 0000
  0E60  | 0000 0000 0000 0000 0000 0000 0000 0000 0000 0000 0000 0000 0000 0000 0000 0000
  0E70  | 0000 0000 0000 0000 0000 0000 0000 0000 0000 0000 0000 0000 0000 0000 0000 0000
  0E80  | 0000 0000 0000 0000 0000 0000 0000 0000 0000 0000 0000 0000 0000 0000 0000 0000
  0E90  | 0000 0000 0000 0000 0000 0000 0000 0000 0000 0000 0000 0000 0000 0000 0000 0000
  0EA0  | 0000 0000 0000 0000 0000 0000 0000 0000 0000 0000 0000 0000 0000 0000 0000 0000
  0EB0  | 0000 0000 0000 0000 0000 0000 0000 0000 0000 0000 0000 0000 0000 0000 0000 0000
  0EC0  | 0000 0000 0000 0000 0000 0000 0000 0000 0000 0000 0000 0000 0000 0000 0000 0000
  0ED0  | 0000 0000 0000 0000 0000 0000 0000 0000 0000 0000 0000 0000 0000 0000 0000 0000
  0EE0  | 0000 0000 0000 0000 0000 0000 0000 0000 0000 0000 0000 0000 0000 0000 0000 0000
  0EF0  | 0000 0000 0000 0000 0000 0000 0000 0000 0000 0000 0000 0000 0000 0000 0000 0000
  0F00  | 0000 0000 0000 0000 0000 0000 0000 0000 0000 0000 0000 0000 0000 0000 0000 0000
  0F10  | 0000 0000 0000 0000 0000 0000 0000 0000 0000 0000 0000 0000 0000 0000 0000 0000
  0F20  | 0000 0000 0000 0000 0000 0000 0000 0000 0000 0000 0000 0000 0000 0000 0000 0000
  0F30  | 0000 0000 0000 0000 0000 0000 0000 0000 0000 0000 0000 0000 0000 0000 0000 0000
  0F40  | 0000 0000 0000 0000 0000 0000 0000 0000 0000 0000 0000 0000 0000 0000 0000 0000
  0F50  | 0000 0000 0000 0000 0000 0000 0000 0000 0000 0000 0000 0000 0000 0000 0000 0000
  0F60  | 0000 0000 0000 0000 0000 0000 0000 0000 0000 0000 0000 0000 0000 0000 0000 0000
  0F70  | 0000 0000 0000 0000 0000 0000 0000 0000 0000 0000 0000 0000 0000 0000 0000 0000
  0F80  | 0000 0000 0000 0000 0000 0000 0000 0000 0000 0000 0000 0000 0000 0000 0000 0000
  0F90  | 0000 0000 0000 0000 0000 0000 0000 0000 0000 0000 0000 0000 0000 0000 0000 0000
  0FA0  | 0000 0000 0000 0000 0000 0000 0000 0000 0000 0000 0000 0000 0000 0000 0000 0000
  0FB0  | 0000 0000 0000 0000 0000 0000 0000 0000 0000 0000 0000 0000 0000 0000 0000 0000
  0FC0  | 0000 0000 0000 0000 0000 0000 0000 0000 0000 0000 0000 0000 0000 0000 0000 0000
  0FD0  | 0000 0000 0000 0000 0000 0000 0000 0000 0000 0000 0000 0000 0000 0000 0000 0000
  0FE0  | 0000 0000 0000 0000 0000 0000 0000 0000 0000 0000 0000 0000 0000 0000 0000 0000
  0FF0  | 0000 0000 0000 0000 0000 0000 0000 0000 0000 0000 0000 0000 0000 0000 0000 0000
